[Location]
LAT=42.817509999999999
LONG=-71.278099999999995
Elevation=400
ElevUnit=f
[Time]
Zone=-5
DST=1
[Debug]
Verbose=vA
DateTime=1
Moon=1
Sun=1
